player_name: Mapicc_
language: en_US
setlang: false
last_location:
  world: um
  x: 9337.987500011921
  y: 109.0
  z: 1021.698684914089
  pitch: 1.9498659
  yaw: -339.75195
logout_location:
  world: um
  x: 9337.987500011921
  y: 109.0
  z: 1021.698684914089
  pitch: 1.9498659
  yaw: -339.75195
default_home: Mapicc
homes:
  Mapicc:
    world: um
    x: 9343.626882326329
    y: 103.0
    z: 1029.4958761467783
    pitch: 17.099785
    yaw: -87.451546
  Mapicc':
    world: um
    x: 9340.843274751585
    y: 109.0
    z: 1029.7838066130857
    pitch: 33.599842
    yaw: -266.85187
