player_name: Wemmbu
language: en_US
setlang: false
last_location:
  world: unstable
  x: 33.75528199970057
  y: 109.08795899699878
  z: -161.28849503724754
  pitch: 38.7
  yaw: 321.1504
logout_location:
  world: um
  x: 9368.822273382735
  y: 103.0
  z: 1021.783331108424
  pitch: 24.750006
  yaw: 26.540195
default_home: ham
homes:
  ham:
    world: um
    x: 9357.107625162216
    y: 64.0
    z: -7334.0830784103855
    pitch: 1.3500179
    yaw: -270.65576
  like:
    world: um
    x: 9869.672613461267
    y: 69.0
    z: 9841.28351270814
    pitch: -7.0499244
    yaw: -271.06354
