player_name: Wemmbu
language: en_US
setlang: false
last_location:
  world: um
  x: 9285.509749043467
  y: 64.0
  z: 3956.9743713321855
  pitch: 7.8000016
  yaw: -28.344238
logout_location:
  world: um
  x: 9230.354818843074
  y: 64.0
  z: 4252.979309003964
  pitch: -17.399979
  yaw: -84.58252
default_home: ham
homes:
  ham:
    world: um
    x: 9357.107625162216
    y: 64.0
    z: -7334.0830784103855
    pitch: 1.3500179
    yaw: -270.65576
  like:
    world: um
    x: 9869.672613461267
    y: 69.0
    z: 9841.28351270814
    pitch: -7.0499244
    yaw: -271.06354
