player_name: Wemmbu
language: en_US
setlang: false
last_location:
  world: um
  x: -185.63914797374957
  y: 69.0260083240531
  z: 251.94143552857756
  pitch: 35.999973
  yaw: 50.398285
logout_location:
  world: um
  x: -185.63914797374957
  y: 69.0260083240531
  z: 251.94143552857756
  pitch: 35.999973
  yaw: 50.398285
default_home: ham
homes:
  ham:
    world: um
    x: 9357.107625162216
    y: 64.0
    z: -7334.0830784103855
    pitch: 1.3500179
    yaw: -270.65576
  like:
    world: um
    x: 9869.672613461267
    y: 69.0
    z: 9841.28351270814
    pitch: -7.0499244
    yaw: -271.06354
