spawn:
  world: um
  x: -204.0413114758819
  y: 62.0
  z: 249.8676845885242
  pitch: 3.9000425
  yaw: 359.99957
