spawn:
  world: um
  x: -187.54423480629532
  y: 65.5547224311656
  z: 252.71533645049203
  pitch: 0.4500191
  yaw: -4.3427943E-5
