ham:
  world: um
  x: 229.75651047173676
  y: 69.0
  z: 122.5214334765478
  pitch: 20.399979
  yaw: -159.75143
idk:
  world: um
  x: 247.53957629229066
  y: 208.0
  z: 111.28308887043411
  pitch: -10.0500145
  yaw: -268.5015
