f313835e-ff7c-3c06-bd96-c5eff65b381a:
  world: um
  x: 88931.5212812687
  y: 104.0
  z: 39116.48478392866
