world: 24b57c21-75f5-48ad-842d-96eb09ea949e
world-name: um
x: 227.02558465375049
y: 70.0
z: 126.38160007843707
yaw: -171.15142822265625
pitch: 23.999980926513672
name: ham
lastowner: a09d9599-c777-3d52-b647-797cdc1dc256
