world: 810857a2-4898-4803-b67e-99d3e2474154
world-name: life
x: 133.07769008924404
y: 63.0
z: 779.2893564681751
yaw: -242.1159210205078
pitch: 24.750019073486328
name: myhome
lastowner: 522b1a65-cdd5-348f-bfe3-1448aaffcf22
